5.929999999999999716e-01
7.049999999999999600e-01
7.660000000000000142e-01
7.690000000000000169e-01
7.977499999999999591e-01
8.010000000000000453e-01
8.107499999999999707e-01
8.197499999999999787e-01
8.267499999999999849e-01
8.377499999999999947e-01
7.960000000000000409e-01
8.245000000000000107e-01
8.239999999999999547e-01
8.312500000000000444e-01
8.272500000000000409e-01
8.397499999999999964e-01
8.317499999999999893e-01
8.215000000000000080e-01
8.162500000000000311e-01
8.359999999999999654e-01
8.465000000000000302e-01
8.362500000000000488e-01
8.355000000000000204e-01
8.569999999999999840e-01
8.462499999999999467e-01
8.487500000000000044e-01
8.315000000000000169e-01
8.412500000000000533e-01
8.397499999999999964e-01
8.435000000000000275e-01
8.412500000000000533e-01
8.407499999999999973e-01
8.465000000000000302e-01
8.457500000000000018e-01
8.469999999999999751e-01
8.352500000000000480e-01
8.537500000000000089e-01
8.519999999999999796e-01
8.445000000000000284e-01
8.549999999999999822e-01
8.562499999999999556e-01
8.405000000000000249e-01
8.459999999999999742e-01
8.555000000000000382e-01
8.417499999999999982e-01
8.565000000000000391e-01
8.527500000000000080e-01
