1.429150494337081856e+00
9.711954128742218417e-01
7.435455605387687461e-01
6.114384632309277645e-01
5.137174324194589969e-01
4.464160483082135755e-01
3.854832311471303452e-01
3.373974506556987607e-01
3.028407748043537295e-01
2.775820978979269826e-01
2.437277886768182134e-01
2.231484800080458242e-01
2.019413132468859395e-01
1.919060971836248908e-01
1.740064044048388880e-01
1.633576293786366818e-01
1.505554534867405980e-01
1.431267679855227348e-01
1.391875719651579912e-01
1.258411139001449075e-01
1.305798268318176247e-01
1.151670298601190218e-01
1.157960344975193373e-01
1.132774819557865464e-01
1.099360178659359588e-01
1.065906399053831860e-01
1.068126782091955301e-01
1.014628057678540612e-01
9.963617809116839807e-02
9.790117133408784977e-02
9.666385902712743006e-02
9.291596331944068643e-02
9.325100063035884901e-02
9.218773208558558863e-02
9.127470006545385095e-02
9.109867906818787386e-02
8.798103327552476982e-02
8.652199218049645701e-02
8.455180607115228564e-02
8.495644995942712441e-02
8.531903094301621082e-02
8.620430555194616429e-02
8.234532894566655437e-02
8.694484392181038579e-02
8.042441803341110473e-02
8.629178631429870738e-02
7.783062512055038962e-02
